0 0.0    	 0
1 0.01745240643728351    	 7
2 0.03489949670250097    	 14
3 0.052335956242943835    	 21
4 0.0697564737441253    	 28
5 0.08715574274765817    	 35
6 0.10452846326765347    	 42
7 0.12186934340514748    	 49
8 0.13917310096006544    	 56
9 0.15643446504023087    	 63
10 0.17364817766693033    	 69
11 0.1908089953765448    	 76
12 0.20791169081775934    	 83
13 0.224951054343865    	 90
14 0.24192189559966773    	 97
15 0.25881904510252074    	 104
16 0.27563735581699916    	 110
17 0.29237170472273677    	 117
18 0.3090169943749474    	 124
19 0.3255681544571567    	 130
20 0.3420201433256687    	 137
21 0.35836794954530027    	 143
22 0.374606593415912    	 150
23 0.39073112848927377    	 156
24 0.4067366430758002    	 163
25 0.42261826174069944    	 169
26 0.4383711467890774    	 175
27 0.45399049973954675    	 182
28 0.4694715627858908    	 188
29 0.48480962024633706    	 194
30 0.49999999999999994    	 200
31 0.5150380749100542    	 206
32 0.5299192642332049    	 212
33 0.5446390350150271    	 218
34 0.5591929034707469    	 224
35 0.573576436351046    	 229
36 0.5877852522924731    	 235
37 0.6018150231520483    	 241
38 0.6156614753256583    	 246
39 0.6293203910498374    	 252
40 0.6427876096865393    	 257
41 0.6560590289905073    	 262
42 0.6691306063588582    	 268
43 0.6819983600624985    	 273
44 0.6946583704589973    	 278
45 0.7071067811865475    	 283
46 0.7193398003386511    	 288
47 0.7313537016191705    	 293
48 0.7431448254773942    	 297
49 0.754709580222772    	 302
50 0.766044443118978    	 306
51 0.7771459614569709    	 311
52 0.788010753606722    	 315
53 0.7986355100472928    	 319
54 0.8090169943749475    	 324
55 0.8191520442889918    	 328
56 0.8290375725550417    	 332
57 0.838670567945424    	 335
58 0.848048096156426    	 339
59 0.8571673007021123    	 343
60 0.8660254037844386    	 346
61 0.8746197071393957    	 350
62 0.8829475928589269    	 353
63 0.8910065241883678    	 356
64 0.898794046299167    	 360
65 0.9063077870366499    	 363
66 0.9135454576426009    	 365
67 0.9205048534524404    	 368
68 0.9271838545667874    	 371
69 0.9335804264972017    	 373
70 0.9396926207859083    	 376
71 0.9455185755993167    	 378
72 0.9510565162951535    	 380
73 0.9563047559630354    	 383
74 0.9612616959383189    	 385
75 0.9659258262890683    	 386
76 0.9702957262759965    	 388
77 0.9743700647852352    	 390
78 0.9781476007338056    	 391
79 0.981627183447664    	 393
80 0.984807753012208    	 394
81 0.9876883405951378    	 395
82 0.9902680687415704    	 396
83 0.992546151641322    	 397
84 0.9945218953682733    	 398
85 0.9961946980917455    	 398
86 0.9975640502598242    	 399
87 0.9986295347545738    	 399
88 0.9993908270190958    	 400
89 0.9998476951563913    	 400
90 1.0    	 400
91 0.9998476951563913    	 400
92 0.9993908270190958    	 400
93 0.9986295347545738    	 399
94 0.9975640502598242    	 399
95 0.9961946980917455    	 398
96 0.9945218953682733    	 398
97 0.9925461516413221    	 397
98 0.9902680687415704    	 396
99 0.9876883405951378    	 395
100 0.984807753012208    	 394
101 0.981627183447664    	 393
102 0.9781476007338057    	 391
103 0.9743700647852352    	 390
104 0.9702957262759965    	 388
105 0.9659258262890683    	 386
106 0.9612616959383189    	 385
107 0.9563047559630355    	 383
108 0.9510565162951536    	 380
109 0.9455185755993168    	 378
110 0.9396926207859084    	 376
111 0.9335804264972017    	 373
112 0.9271838545667874    	 371
113 0.9205048534524403    	 368
114 0.9135454576426009    	 365
115 0.90630778703665    	 363
116 0.8987940462991669    	 360
117 0.8910065241883679    	 356
118 0.8829475928589269    	 353
119 0.8746197071393959    	 350
120 0.8660254037844387    	 346
121 0.8571673007021123    	 343
122 0.8480480961564261    	 339
123 0.8386705679454239    	 335
124 0.8290375725550417    	 332
125 0.8191520442889917    	 328
126 0.8090169943749475    	 324
127 0.7986355100472927    	 319
128 0.788010753606722    	 315
129 0.777145961456971    	 311
130 0.766044443118978    	 306
131 0.7547095802227721    	 302
132 0.7431448254773942    	 297
133 0.7313537016191706    	 293
134 0.7193398003386511    	 288
135 0.7071067811865476    	 283
136 0.6946583704589971    	 278
137 0.6819983600624986    	 273
138 0.6691306063588583    	 268
139 0.6560590289905073    	 262
140 0.6427876096865395    	 257
141 0.6293203910498374    	 252
142 0.6156614753256584    	 246
143 0.6018150231520482    	 241
144 0.5877852522924732    	 235
145 0.5735764363510459    	 229
146 0.5591929034707469    	 224
147 0.5446390350150273    	 218
148 0.5299192642332049    	 212
149 0.5150380749100544    	 206
150 0.49999999999999994    	 200
151 0.48480962024633717    	 194
152 0.4694715627858907    	 188
153 0.45399049973954686    	 182
154 0.4383711467890773    	 175
155 0.4226182617406995    	 169
156 0.40673664307580043    	 163
157 0.39073112848927377    	 156
158 0.37460659341591224    	 150
159 0.3583679495453002    	 143
160 0.3420201433256689    	 137
161 0.3255681544571566    	 130
162 0.3090169943749475    	 124
163 0.2923717047227366    	 117
164 0.2756373558169992    	 110
165 0.258819045102521    	 104
166 0.24192189559966773    	 97
167 0.2249510543438652    	 90
168 0.20791169081775931    	 83
169 0.19080899537654497    	 76
170 0.17364817766693028    	 69
171 0.15643446504023098    	 63
172 0.13917310096006533    	 56
173 0.12186934340514755    	 49
174 0.10452846326765373    	 42
175 0.0871557427476582    	 35
176 0.06975647374412552    	 28
177 0.05233595624294381    	 21
178 0.03489949670250114    	 14
179 0.01745240643728344    	 7
180 1.2246467991473532e-16    	 0
